# oST version 5.0 parameters


[image]

width
1280

height
720

[narrow_stereo]

camera matrix
944.721667 0.000000 644.927161
0.000000 942.635425 358.167438
0.000000 0.000000 1.000000

distortion
0.056972 -0.067127 -0.000552 -0.003047 0.000000

rectification
1.000000 0.000000 0.000000
0.000000 1.000000 0.000000
0.000000 0.000000 1.000000

projection
956.230759 0.000000 641.026960 0.000000
0.000000 956.871817 357.816876 0.000000
0.000000 0.000000 1.000000 0.000000
