# oST version 5.0 parameters


[image]

width
800

height
600

[imx708__base_axi_pcie_120000_rp1_i2c_88000_imx708_1a_800x600]

camera matrix
1161.268335 0.000000 552.425319
0.000000 1154.832821 311.098854
0.000000 0.000000 1.000000

distortion
0.015832 0.116976 0.003929 0.002841 0.000000

rectification
1.000000 0.000000 0.000000
0.000000 1.000000 0.000000
0.000000 0.000000 1.000000

projection
1173.012376 0.000000 551.795826 0.000000
0.000000 1167.907929 312.839841 0.000000
0.000000 0.000000 1.000000 0.000000
