# Camera calibration data for Pi Camera 2.1 (actual calibration)
# Calibrated at 640x480 resolution
camera_name: "csi_camera"
image_width: 640
image_height: 480
camera_matrix:
  rows: 3
  cols: 3
  data: [517.549602, 0.000000, 309.447382, 0.000000, 515.409702, 222.996122, 0.000000, 0.000000, 1.000000]
distortion_coefficients:
  rows: 1
  cols: 5
  data: [0.203193, -0.316440, -0.008248, -0.010208, 0.000000]
rectification_matrix:
  rows: 3
  cols: 3
  data: [1.000000, 0.000000, 0.000000, 0.000000, 1.000000, 0.000000, 0.000000, 0.000000, 1.000000]
projection_matrix:
  rows: 3
  cols: 4
  data: [533.290283, 0.000000, 302.533809, 0.000000, 0.000000, 534.161682, 219.121432, 0.000000, 0.000000, 0.000000, 1.000000, 0.000000] 